+ 1 2 1134671510
+ 3 4 5 6 1134459757
+ 7 8 9 10 1133942931
+ 3 11 4 1133873857
+ 12 13 14 1133513170
+ 4 15 16 1133163814
+ 1 17 18 1133112862
+ 12 1132855782
+ 19 20 21 1132658773
+ 20 21 22 23 1157531677
+ 24 25 19 1132647915
+ 26 27 28 29 1132601928
+ 7 30 31 9 1132308695
+ 32 33 1132208967
+ 1 1132086910
+ 34 35 12 36 1132056177
+ 37 38 39 1131635801
+ 40 41 42 1131619065
+ 40 41 42 1131619056
+ 43 23 1157531677
+ 43 23 1157531677
+ 44 45 19 46 1131531721
+ 47 48 1162196400
+ 23 1157531677
+ 23 1157531677
+ 12 49 1131282492
+ 12 49 1131282482
+ 12 49 1131282475
+ 12 49 1131282468
+ 50 51 52 53 1131028862
+ 54 50 51 55 1157531296
+ 56 50 57 1131027393
+ 56 50 1131027360
+ 58 1130873793
+ 59 25 46 23 1157531677
+ 60 61 1130827544
+ 62 63 1130767561
+ 7 64 43 1166530382
+ 65 66 46 1152633043
+ 67 1130397733
+ 58 68 2 1130257537
+ 69 70 71 72 1130222110
+ 72 46 1130220144
+ 73 74 67 1130166956
+ 75 67 76 1130156374
+ 24 72 25 19 1129899826
+ 77 78 1129899385
+ 73 58 2 1129618299
+ 58 79 1129615339
+ 73 57 71 1129612706
+ 80 81 82 83 84 1129542600
+ 85 86 51 53 1129133285
+ 87 50 51 53 1129101796
+ 50 88 51 89 53 1129029278
+ 85 53 1128663580
+ 85 51 53 1128488695
+ 90 58 2 1128286273
+ 91 51 72 92 53 1157531158
+ 93 94 95 1128004139
+ 6 96 97 98 1127888147
+ 72 99 1127836851
+ 69 42 21 1157531850
+ 73 100 101 1127291105
+ 102 48 103 1127124483
+ 4 73 53 1126852457
+ 73 43 1166530382
+ 104 105 106 1126081671
+ 43 58 79 107 1166530382
+ 108 109 1125890654
+ 108 109 1125890542
+ 108 73 58 1125861066
+ 73 101 1157531211
+ 110 111 53 1125495694
+ 112 12 1125492685
+ 12 112 113 1125490918
+ 114 115 46 1125411161
+ 7 116 117 118 1125383604
+ 80 46 21 1157531850
+ 73 23 1157531677
+ 119 70 120 71 1124973292
+ 77 78 53 1124865105
+ 21 23 1157531850
+ 121 22 23 1157531677
+ 41 122 46 1124783775
+ 73 58 1124711841
+ 123 58 124 1124711778
+ 41 1124690912
+ 58 53 1124546632
+ 58 53 1124546438
+ 71 1123677890
+ 73 91 125 1123510609
+ 51 83 49 92 66 1157531158
+ 126 127 72 128 76 1123160534
+ 129 117 1122991931
+ 130 131 1122990118
+ 130 1122990088
+ 130 1122990075
+ 130 1122990066
+ 126 1122983651
+ 132 53 133 1122969656
+ 1 134 1122568369
+ 1 134 1122568347
+ 73 58 53 1122567628
+ 58 53 1122567384
+ 80 135 136 92 1157531317
+ 80 135 137 92 1157531317
+ 80 83 138 42 1122532828
+ 83 138 42 1122532806
+ 73 43 58 1166530382
+ 139 71 140 141 1122470903
+ 142 41 143 83 1161954671
+ 144 73 1122356653
+ 145 146 73 1122353356
+ 73 58 147 1122308831
+ 126 81 77 72 1122271112
+ 73 58 147 2 1122228542
+ 51 53 1122025026
+ 116 9 148 1121694310
+ 149 127 6 53 1121427172
+ 1 73 68 1121405085
+ 103 141 23 1157531677
+ 150 139 151 71 1121231579
+ 1 2 1121148735
+ 1 2 1121109318
+ 1 1120983888
+ 50 152 1120802476
+ 31 101 153 1157531211
+ 154 22 155 1120798438
+ 7 71 148 1120741684
+ 73 156 43 148 1166530382
+ 156 43 148 1166530382
+ 156 43 148 1166530382
+ 22 1120723010
+ 157 70 1120641666
+ 157 70 1120641649
+ 73 57 2 1120641470
+ 73 158 68 1120543753
+ 1 134 1120500268
+ 159 160 53 1120499835
+ 1 161 162 1120498833
+ 73 163 164 1120498549
+ 1 161 162 1120497291
+ 165 68 1120474619
+ 1 2 1120455688
+ 1 2 1120408232
+ 114 166 167 168 1120204776
+ 114 169 46 1120204631
+ 114 169 46 1120204615
+ 70 111 6 1120197977
+ 1 170 1120187802
+ 148 1120136123
+ 47 50 70 51 49 36 171 1162196400
+ 47 50 51 36 171 1162196400
+ 172 173 174 51 175 1120106949
+ 148 1120017725
+ 1 73 1120017702
+ 1 2 1120017385
+ 1 73 176 2 1120017299
+ 1 73 176 2 1120017272
+ 1 2 1119899302
+ 114 177 178 179 1119886263
+ 1 180 1119674678
+ 1 180 1119674668
+ 1 2 1119673717
+ 1 2 1119619334
+ 158 181 182 1119447289
+ 177 183 184 1119416448
+ 70 185 186 153 6 1119340719
+ 80 148 1119267731
+ 148 187 1119266984
+ 1 1119249105
+ 71 1119248933
+ 71 1119248919
+ 188 66 70 189 1118987632
+ 190 127 191 117 192 36 53 1118921388
+ 50 127 51 36 171 1118916893
+ 116 177 178 1118909143
+ 50 116 177 178 1118909072
+ 116 177 178 1118908850
+ 116 177 178 1118908711
+ 172 56 193 111 1118837859
+ 172 174 55 1118818346
+ 41 72 122 42 21 1157531850
+ 41 72 122 21 1157531850
+ 101 128 194 1157531211
+ 172 157 70 83 1118812959
+ 7 148 1118639291
+ 195 196 31 197 1118602293
+ 126 49 72 53 1118383107
+ 198 46 199 200 201 1163097055
+ 198 46 126 1163097055
+ 198 126 200 23 1163097055
+ 198 200 23 1163097055
+ 63 202 203 153 1118304666
+ 68 1118207936
+ 1 73 1118206711
+ 121 46 1118142373
+ 47 190 192 36 1162196400
+ 47 190 192 36 1162196400
+ 58 1118033357
+ 73 58 2 1118033243
+ 62 204 63 72 205 1115616731
+ 206 207 208 209 1113901948
+ 206 207 208 209 1113901908
+ 210 22 211 1112876686
+ 80 211 1112876657
+ 50 6 186 1112676286
+ 1 1112348931
+ 58 1112280254
+ 58 1112280235
+ 73 58 53 1112280191
+ 212 213 111 1111658147
+ 35 214 1111657686
+ 215 77 216 1111657572
+ 73 217 68 218 1111054558
+ 23 1157531677
+ 23 1157531677
+ 148 1110795642
+ 219 1110353428
+ 220 1110353377
+ 172 119 1110179758
+ 221 7 59 1109084692
+ 126 222 1108715171
+ 215 77 1108711803
+ 101 1108711675
+ 177 1108660373
+ 47 1162196400
+ 219 223 1108468802
+ 196 223 1108468778
+ 224 225 1108468758
+ 83 23 1157531677
+ 226 73 100 1106668443
+ 127 225 6 53 1106579353
+ 196 223 1105709934
+ 196 223 1105709858
+ 196 223 1105709844
+ 85 51 1105709671
+ 51 227 1105709646
+ 54 55 1157531296
+ 50 81 228 229 127 49 200 1105709458
+ 158 68 1105709383
+ 4 230 1105454662
+ 81 231 19 1105434026